2 0.598667 0.322000 0.277333 0.396000
2 0.398000 0.096500 0.266667 0.191000
0 0.081000 0.449000 0.160667 0.408000
0 0.301667 0.358000 0.280667 0.396000
0 0.131000 0.141500 0.260667 0.281000
0 0.694667 0.080500 0.270667 0.159000
0 0.881333 0.199000 0.237333 0.396000
0 0.206667 0.738500 0.286667 0.425000
0 0.484333 0.701000 0.276667 0.400000
0 0.773000 0.627000 0.282000 0.412000
0 0.939667 0.805000 0.120667 0.384000
0 0.402000 0.929500 0.325333 0.141000
0 0.106333 0.957500 0.211333 0.085000
0 0.728000 0.932500 0.281333 0.135000
