0 0.192083 0.644167 0.255833 0.230000
0 0.405000 0.539583 0.256667 0.279167
0 0.910000 0.275833 0.180000 0.223333
1 0.623333 0.545417 0.180000 0.129167
1 0.195417 0.862917 0.202500 0.235833
1 0.307917 0.879167 0.184167 0.145000
1 0.395417 0.802500 0.244167 0.255000
1 0.801250 0.448333 0.204167 0.228333
1 0.888750 0.583333 0.180833 0.160000
1 0.952083 0.645833 0.095833 0.178333
1 0.985833 0.734167 0.028333 0.136667
1 0.775833 0.322917 0.148333 0.120833
1 0.681250 0.417083 0.099167 0.120833
1 0.948750 0.461250 0.097500 0.067500
