0 0.076389 0.130000 0.150000 0.255556
0 0.284722 0.173333 0.275000 0.342222
0 0.495139 0.290000 0.256944 0.424444
0 0.558333 0.087778 0.252778 0.171111
0 0.695833 0.258889 0.200000 0.224444
0 0.856250 0.118889 0.287500 0.233333
0 0.891667 0.228889 0.216667 0.408889
0 0.929861 0.581111 0.140278 0.406667
0 0.704167 0.576667 0.369444 0.500000
0 0.361806 0.560000 0.276389 0.426667
0 0.129861 0.675556 0.209722 0.293333
0 0.194444 0.807778 0.291667 0.384444
0 0.475000 0.874444 0.277778 0.246667
0 0.647917 0.947778 0.065278 0.104444
0 0.813889 0.826667 0.361111 0.346667
0 0.097222 0.413333 0.191667 0.324444
0 0.038889 0.900000 0.075000 0.200000
0 0.276389 0.434444 0.200000 0.246667
