1 0.150418 0.198000 0.105850 0.156000
1 0.068245 0.102000 0.108635 0.156000
1 0.208914 0.098000 0.089136 0.124000
1 0.238162 0.202000 0.097493 0.140000
1 0.324513 0.244000 0.075209 0.112000
1 0.310585 0.120000 0.114206 0.160000
1 0.435933 0.242000 0.125348 0.180000
1 0.536212 0.218000 0.097493 0.148000
1 0.604457 0.428000 0.111421 0.152000
1 0.601671 0.598000 0.116992 0.172000
1 0.603064 0.806000 0.114206 0.148000
1 0.552925 0.860000 0.091922 0.128000
1 0.486072 0.798000 0.114206 0.172000
1 0.459610 0.654000 0.116992 0.156000
1 0.448468 0.494000 0.122563 0.172000
1 0.008357 0.780000 0.011142 0.112000
1 0.204735 0.018000 0.097493 0.028000
