1 0.460000 0.480469 0.131429 0.164062
1 0.617143 0.421875 0.120000 0.164062
1 0.621429 0.587891 0.122857 0.160156
1 0.624286 0.783203 0.105714 0.152344
1 0.570000 0.837891 0.094286 0.136719
1 0.497143 0.779297 0.120000 0.175781
1 0.468571 0.642578 0.125714 0.152344
1 0.077143 0.099609 0.114286 0.152344
1 0.151429 0.189453 0.108571 0.152344
1 0.241429 0.203125 0.105714 0.156250
1 0.328571 0.244141 0.091429 0.128906
1 0.548571 0.220703 0.102857 0.160156
1 0.445714 0.238281 0.137143 0.195312
1 0.314286 0.128906 0.125714 0.171875
1 0.215714 0.101562 0.100000 0.125000
