0 0.198333 0.316223 0.203333 0.259823
0 0.287083 0.442966 0.215833 0.277567
0 0.083333 0.641952 0.165000 0.328264
0 0.112917 0.869455 0.224167 0.256020
0 0.296250 0.717364 0.234167 0.316857
0 0.302500 0.947402 0.255000 0.105196
0 0.515417 0.842839 0.225833 0.281369
0 0.832083 0.795311 0.284167 0.351077
0 0.483750 0.547529 0.234167 0.316857
0 0.703750 0.640051 0.234167 0.311787
0 0.398333 0.394804 0.101667 0.150824
0 0.572500 0.366920 0.196667 0.249683
0 0.645000 0.456274 0.205000 0.294043
0 0.811250 0.316857 0.205833 0.332066
0 0.947917 0.351711 0.104167 0.219265
0 0.961250 0.897338 0.077500 0.202788
0 0.937083 0.594423 0.125833 0.334601
