0 0.299286 0.548571 0.412857 0.805714
0 0.084286 0.425714 0.148571 0.337143
0 0.093571 0.742857 0.147143 0.308571
0 0.160714 0.907143 0.170000 0.185714
0 0.320000 0.974286 0.117143 0.051429
0 0.118571 0.151429 0.140000 0.297143
0 0.215000 0.075714 0.135714 0.145714
0 0.376429 0.137143 0.127143 0.234286
0 0.476429 0.052857 0.127143 0.100000
0 0.599286 0.104286 0.121429 0.202857
0 0.732857 0.221429 0.174286 0.328571
0 0.715000 0.044286 0.150000 0.082857
0 0.860000 0.115714 0.140000 0.225714
0 0.930000 0.302857 0.108571 0.205714
0 0.883571 0.364286 0.155714 0.288571
0 0.542857 0.810000 0.174286 0.334286
0 0.680000 0.684286 0.160000 0.288571
0 0.709286 0.917143 0.170000 0.165714
0 0.820714 0.810000 0.155714 0.311429
0 0.939286 0.621429 0.121429 0.305714
1 0.567143 0.447143 0.165714 0.334286
1 0.497143 0.194286 0.151429 0.291429
1 0.650714 0.387143 0.150000 0.328571
