0 0.308077 0.473441 0.162308 0.254042
1 0.158462 0.371247 0.264615 0.386836
1 0.095385 0.486143 0.189231 0.286374
1 0.034615 0.219977 0.067692 0.301386
1 0.091538 0.056005 0.163077 0.109700
1 0.273846 0.099885 0.201538 0.197460
1 0.419615 0.330254 0.257692 0.438799
1 0.619615 0.296189 0.253077 0.377598
1 0.512308 0.084873 0.246154 0.167436
1 0.799615 0.193418 0.337692 0.384527
1 0.963846 0.085450 0.072308 0.163972
1 0.940385 0.388568 0.119231 0.312933
1 0.810385 0.568129 0.223846 0.411085
1 0.711923 0.846420 0.280769 0.307159
1 0.885000 0.864896 0.179231 0.270208
1 0.951538 0.681293 0.096923 0.272517
1 0.341538 0.720554 0.252308 0.327945
1 0.510000 0.846420 0.167692 0.240185
1 0.105769 0.796767 0.210000 0.334873
1 0.145385 0.984411 0.153846 0.031178
1 0.258462 0.900693 0.126154 0.193995
1 0.382692 0.937644 0.239231 0.124711
1 0.575385 0.591801 0.193846 0.317552
1 0.203846 0.165127 0.184615 0.212471
