1 0.499063 0.364652 0.063125 0.095926
0 0.487187 0.289093 0.053125 0.107753
0 0.484687 0.189882 0.064375 0.140604
0 0.448750 0.164258 0.080000 0.152431
0 0.400313 0.268725 0.078125 0.161629
0 0.361250 0.391590 0.077500 0.165572
0 0.415938 0.470434 0.064375 0.131406
0 0.284375 0.381078 0.077500 0.165572
0 0.202187 0.392247 0.076875 0.151117
0 0.290625 0.118922 0.077500 0.153745
0 0.243125 0.835085 0.081250 0.159001
0 0.350000 0.598555 0.071250 0.137976
0 0.370625 0.649146 0.086250 0.168200
0 0.431563 0.749671 0.081875 0.153745
0 0.462813 0.870565 0.071875 0.140604
1 0.490000 0.895532 0.041250 0.093298
0 0.433437 0.647832 0.081875 0.105125
0 0.672500 0.114980 0.045000 0.095926
0 0.741563 0.132720 0.048125 0.089356
0 0.730000 0.241130 0.061250 0.106439
1 0.751875 0.323259 0.052500 0.097240
1 0.754062 0.946124 0.053125 0.076216
0 0.746563 0.877792 0.054375 0.086728
0 0.746563 0.782523 0.056875 0.082786
0 0.710938 0.689225 0.059375 0.098555
0 0.659375 0.620237 0.057500 0.118265
0 0.595625 0.603811 0.026250 0.072273
0 0.015312 0.360710 0.026875 0.119580
0 0.034063 0.496058 0.066875 0.103811
0 0.039062 0.672142 0.066875 0.159001
0 0.007812 0.602497 0.014375 0.095926
0 0.037500 0.813403 0.067500 0.144547
0 0.030312 0.929041 0.055625 0.128778
