0 0.195139 0.803333 0.284722 0.393333
0 0.047222 0.898889 0.091667 0.197778
0 0.133333 0.651111 0.219444 0.226667
0 0.095139 0.405556 0.187500 0.322222
0 0.081250 0.138889 0.159722 0.273333
0 0.283333 0.166667 0.269444 0.328889
0 0.272917 0.427778 0.195833 0.233333
0 0.359028 0.560000 0.276389 0.413333
0 0.496528 0.282222 0.251389 0.413333
0 0.556944 0.088889 0.250000 0.173333
0 0.695833 0.262222 0.197222 0.222222
0 0.699306 0.563333 0.351389 0.464444
0 0.813194 0.826667 0.359722 0.346667
0 0.935417 0.576667 0.129167 0.402222
0 0.854861 0.121111 0.273611 0.237778
0 0.891667 0.234444 0.216667 0.411111
0 0.476389 0.876667 0.277778 0.246667
