0 0.306923 0.475751 0.160000 0.251732
1 0.158846 0.376443 0.265385 0.385681
1 0.106154 0.796767 0.210769 0.344111
1 0.093846 0.482102 0.186154 0.287529
1 0.033846 0.217090 0.066154 0.309469
1 0.092692 0.056582 0.154615 0.110855
1 0.196154 0.159353 0.161538 0.191686
1 0.271154 0.094111 0.200769 0.185912
1 0.413077 0.336605 0.240000 0.433025
1 0.617692 0.296189 0.253846 0.379908
1 0.513077 0.082564 0.236923 0.162818
1 0.575385 0.595843 0.193846 0.316397
1 0.810769 0.569861 0.229231 0.409931
1 0.797692 0.187644 0.332308 0.372979
1 0.966154 0.090069 0.067692 0.177829
1 0.939615 0.391455 0.120769 0.314088
1 0.950000 0.673788 0.100000 0.289838
1 0.897308 0.865473 0.153077 0.269053
1 0.712692 0.846420 0.276154 0.307159
1 0.510769 0.849885 0.166154 0.244804
1 0.341538 0.717090 0.246154 0.330254
1 0.388462 0.941109 0.243077 0.117783
1 0.145769 0.983834 0.137692 0.032333
1 0.259615 0.902425 0.126923 0.190531
1 0.031538 0.952656 0.061538 0.085450
