0 0.402083 0.537500 0.262500 0.275000
0 0.190417 0.644583 0.252500 0.232500
1 0.183333 0.864167 0.218333 0.230000
1 0.398333 0.802500 0.238333 0.253333
0 0.609167 0.543333 0.140000 0.133333
0 0.908333 0.276667 0.176667 0.218333
1 0.678750 0.423750 0.100833 0.142500
1 0.768750 0.319583 0.134167 0.120833
1 0.802500 0.448333 0.206667 0.223333
1 0.887500 0.585833 0.186667 0.155000
1 0.950833 0.506667 0.093333 0.135000
1 0.985833 0.728333 0.028333 0.153333
0 0.211667 0.337500 0.060000 0.053333
0 0.389583 0.353333 0.099167 0.073333
1 0.328333 0.909583 0.123333 0.084167
1 0.950833 0.648750 0.098333 0.187500
