0 0.128000 0.036331 0.041333 0.050863
0 0.336333 0.031335 0.054000 0.060854
0 0.320667 0.105359 0.050667 0.070845
0 0.345333 0.139419 0.053333 0.040872
0 0.328333 0.173025 0.055333 0.059037
1 0.258000 0.111717 0.064000 0.069028
0 0.069000 0.249773 0.080667 0.105359
0 0.147000 0.298365 0.079333 0.099001
0 0.081000 0.344233 0.059333 0.063579
0 0.086667 0.408719 0.049333 0.054496
0 0.148000 0.395095 0.052000 0.061762
1 0.170000 0.367393 0.041333 0.059037
0 0.339000 0.625795 0.076667 0.096276
0 0.398667 0.764305 0.070667 0.088102
0 0.367333 0.858765 0.093333 0.104450
0 0.482333 0.686649 0.219333 0.272480
1 0.641333 0.738874 0.112000 0.149864
0 0.670667 0.554950 0.210667 0.287012
0 0.478000 0.392825 0.204000 0.262489
0 0.643333 0.249319 0.170667 0.215259
