0 0.496603 0.462245 0.120924 0.185714
0 0.551630 0.330612 0.059783 0.093878
0 0.576766 0.453061 0.052989 0.126531
0 0.656929 0.359184 0.126359 0.191837
0 0.737772 0.351020 0.065217 0.126531
0 0.775136 0.409184 0.055707 0.108163
0 0.838315 0.393878 0.070652 0.118367
0 0.820652 0.501020 0.062500 0.120408
0 0.762228 0.540816 0.054348 0.093878
0 0.708560 0.527551 0.052989 0.091837
0 0.653533 0.498980 0.062500 0.087755
0 0.609375 0.595918 0.115489 0.171429
0 0.663723 0.680612 0.058424 0.075510
0 0.521739 0.710204 0.062500 0.126531
0 0.518342 0.607143 0.066576 0.104082
0 0.461957 0.588776 0.051630 0.091837
0 0.597147 0.774490 0.131793 0.202041
0 0.687500 0.779592 0.043478 0.097959
0 0.523098 0.935714 0.057065 0.095918
0 0.633832 0.946939 0.126359 0.106122
0 0.690897 0.896939 0.058424 0.079592
1 0.786685 0.895918 0.130435 0.191837
0 0.884511 0.766327 0.108696 0.165306
0 0.885190 0.900000 0.080163 0.093878
0 0.961957 0.866327 0.076087 0.189796
0 0.716033 0.974490 0.046196 0.051020
