0 0.166420 0.144295 0.328391 0.280049
0 0.498147 0.230933 0.345441 0.261745
0 0.074500 0.040879 0.141586 0.080537
0 0.308377 0.025015 0.323202 0.048810
0 0.388065 0.191580 0.291327 0.250153
0 0.391401 0.042404 0.269830 0.083588
0 0.361379 0.192190 0.350630 0.253813
0 0.096738 0.369433 0.191994 0.292251
0 0.062268 0.579927 0.123054 0.286150
0 0.284655 0.477730 0.367680 0.325808
0 0.512602 0.481391 0.328391 0.257474
0 0.827650 0.479866 0.344700 0.288591
0 0.738325 0.307810 0.306894 0.223917
0 0.848036 0.118975 0.303929 0.235509
0 0.655300 0.104027 0.281690 0.206833
0 0.429948 0.736425 0.361749 0.275778
0 0.772424 0.805369 0.361749 0.303844
0 0.931060 0.620805 0.137880 0.277608
0 0.674574 0.629347 0.324685 0.193411
0 0.895478 0.873703 0.209044 0.251373
0 0.572276 0.948749 0.381023 0.102502
0 0.166420 0.868212 0.331357 0.263575
