1 0.498750 0.365966 0.066250 0.098555
0 0.485625 0.288436 0.050000 0.111695
0 0.485938 0.186597 0.065625 0.141919
0 0.449062 0.158344 0.080625 0.161629
0 0.014687 0.388962 0.028125 0.186597
0 0.036875 0.503942 0.072500 0.119580
0 0.043125 0.676741 0.062500 0.162943
0 0.011250 0.601183 0.021250 0.101183
0 0.042500 0.813403 0.057500 0.139290
0 0.030625 0.924442 0.057500 0.151117
0 0.241563 0.838371 0.084375 0.160315
0 0.202500 0.391590 0.078750 0.157687
0 0.284687 0.381078 0.080625 0.173456
0 0.361563 0.392247 0.076875 0.172142
0 0.417812 0.470434 0.064375 0.141919
0 0.396875 0.272668 0.085000 0.156373
0 0.291250 0.122208 0.077500 0.165572
0 0.435000 0.649146 0.085000 0.141919
0 0.344375 0.608410 0.066250 0.155059
0 0.372500 0.651117 0.092500 0.180026
0 0.433125 0.748357 0.085000 0.159001
0 0.462813 0.872536 0.078125 0.144547
0 0.672500 0.113666 0.045000 0.088042
0 0.740938 0.133377 0.049375 0.093298
0 0.727812 0.239159 0.065625 0.118265
0 0.593437 0.607753 0.031875 0.080158
0 0.659375 0.622865 0.053750 0.118265
0 0.710625 0.695795 0.057500 0.116951
0 0.742812 0.782523 0.060625 0.098555
0 0.745625 0.873850 0.062500 0.086728
1 0.753125 0.940867 0.061250 0.097240
1 0.760312 0.323916 0.055625 0.101183
1 0.492500 0.898160 0.040000 0.093298
