0 0.196250 0.325729 0.204167 0.291508
0 0.285833 0.448035 0.216667 0.287706
0 0.089167 0.638150 0.176667 0.307985
0 0.302917 0.714195 0.222500 0.320659
0 0.371667 0.382763 0.151667 0.129278
0 0.295833 0.947402 0.253333 0.105196
0 0.112917 0.870722 0.224167 0.258555
0 0.485833 0.550697 0.231667 0.320659
0 0.514167 0.842839 0.230000 0.294043
0 0.568750 0.323828 0.192500 0.171103
0 0.646667 0.410646 0.203333 0.217997
0 0.705417 0.634347 0.239167 0.297845
0 0.818333 0.785805 0.256667 0.362484
0 0.961667 0.897972 0.076667 0.204056
0 0.935833 0.595057 0.128333 0.343473
0 0.882083 0.408112 0.220833 0.207858
0 0.811667 0.268695 0.206667 0.240811
0 0.948750 0.332066 0.099167 0.172370
0 0.351667 0.247148 0.070000 0.124208
