1 0.402917 0.168125 0.032500 0.038750
1 0.411250 0.199375 0.035833 0.043750
1 0.407083 0.158125 0.054167 0.068750
1 0.368333 0.201250 0.061667 0.090000
1 0.330833 0.183750 0.068333 0.105000
1 0.353750 0.110625 0.064167 0.078750
1 0.292917 0.091875 0.074167 0.093750
1 0.262917 0.023125 0.067500 0.043750
1 0.342917 0.035625 0.065833 0.066250
1 0.392500 0.652500 0.071667 0.102500
1 0.362917 0.666250 0.044167 0.062500
1 0.325833 0.635625 0.078333 0.113750
0 0.416250 0.583750 0.074167 0.117500
0 0.417500 0.470625 0.078333 0.113750
0 0.293333 0.565000 0.088333 0.117500
0 0.300000 0.452500 0.083333 0.120000
0 0.359167 0.529375 0.070000 0.116250
0 0.971250 0.154375 0.057500 0.118750
1 0.988333 0.260625 0.023333 0.066250
0 0.890000 0.949375 0.076667 0.098750
0 0.966667 0.946250 0.066667 0.107500
