0 0.199681 0.565947 0.127796 0.167866
0 0.236422 0.672662 0.095847 0.117506
0 0.299521 0.633094 0.132588 0.148681
0 0.309105 0.482014 0.119808 0.163070
0 0.198882 0.375300 0.129393 0.141487
0 0.313898 0.330935 0.094249 0.110312
0 0.138179 0.659472 0.017572 0.023981
1 0.162939 0.664269 0.022364 0.028777
0 0.153355 0.796163 0.012780 0.019185
0 0.176518 0.718225 0.007987 0.011990
0 0.171725 0.729017 0.007987 0.014388
0 0.172524 0.744604 0.009585 0.011990
0 0.198083 0.839329 0.019169 0.023981
1 0.162939 0.703837 0.025559 0.031175
0 0.226837 0.769784 0.063898 0.081535
0 0.275559 0.758993 0.039936 0.064748
0 0.301118 0.776978 0.043131 0.071942
0 0.315495 0.488010 0.107029 0.151079
0 0.200479 0.426859 0.094249 0.028777
0 0.273163 0.534772 0.031949 0.057554
0 0.388978 0.601918 0.027157 0.033573
0 0.329872 0.821343 0.020767 0.031175
0 0.337859 0.884892 0.027157 0.033573
1 0.329073 0.905276 0.022364 0.016787
0 0.316294 0.881295 0.022364 0.031175
0 0.325080 0.859712 0.027157 0.040767
0 0.349840 0.810552 0.012780 0.023981
0 0.373003 0.854916 0.027157 0.031175
0 0.463259 0.750600 0.009585 0.014388
0 0.428115 0.809353 0.015974 0.016787
0 0.432109 0.794964 0.014377 0.016787
0 0.447284 0.748201 0.009585 0.014388
0 0.354633 0.727818 0.009585 0.021583
0 0.362620 0.741007 0.015974 0.023981
0 0.356230 0.750600 0.009585 0.014388
0 0.363419 0.766187 0.014377 0.021583
0 0.373003 0.797362 0.014377 0.021583
0 0.365815 0.784173 0.009585 0.014388
0 0.403355 0.781775 0.011182 0.014388
0 0.404952 0.770983 0.011182 0.011990
0 0.386581 0.711031 0.012780 0.016787
0 0.395367 0.724221 0.014377 0.019185
0 0.407348 0.732614 0.022364 0.031175
0 0.426518 0.720624 0.022364 0.021583
0 0.446486 0.726619 0.017572 0.023981
0 0.448882 0.711031 0.025559 0.026379
1 0.388179 0.803357 0.009585 0.014388
1 0.378594 0.812950 0.012780 0.014388
1 0.400958 0.568345 0.028754 0.033573
0 0.615016 0.917266 0.041534 0.035971
0 0.596645 0.900480 0.036741 0.045564
0 0.634185 0.905276 0.035144 0.040767
0 0.626997 0.877698 0.033546 0.038369
0 0.613419 0.862110 0.025559 0.031175
0 0.657348 0.870504 0.030351 0.038369
0 0.692492 0.876499 0.033546 0.035971
0 0.663738 0.918465 0.023962 0.028777
0 0.724441 0.826139 0.030351 0.035971
0 0.723642 0.857314 0.025559 0.031175
0 0.711661 0.847722 0.023962 0.026379
0 0.652556 0.846523 0.027157 0.033573
0 0.677316 0.838129 0.028754 0.040767
0 0.626198 0.832134 0.031949 0.043165
0 0.649361 0.818945 0.023962 0.031175
0 0.672524 0.805755 0.028754 0.038369
0 0.693291 0.830935 0.019169 0.035971
0 0.800319 0.804556 0.019169 0.021583
0 0.686901 0.655875 0.031949 0.045564
0 0.711661 0.669065 0.036741 0.052758
0 0.850639 0.517986 0.027157 0.038369
0 0.894569 0.575540 0.022364 0.033573
0 0.844249 0.551559 0.014377 0.023981
0 0.837859 0.582734 0.011182 0.023981
0 0.814696 0.565947 0.015974 0.019185
0 0.898562 0.639089 0.020767 0.026379
0 0.892173 0.798561 0.020767 0.023981
0 0.891374 0.756595 0.022364 0.026379
0 0.877796 0.733813 0.023962 0.028777
0 0.904153 0.736211 0.022364 0.028777
0 0.880990 0.691847 0.011182 0.011990
0 0.799521 0.684652 0.020767 0.026379
0 0.781150 0.689448 0.025559 0.035971
1 0.795527 0.392086 0.028754 0.026379
1 0.805112 0.412470 0.019169 0.023981
1 0.849042 0.404077 0.014377 0.016787
1 0.911342 0.449640 0.017572 0.021583
1 0.895367 0.467626 0.017572 0.023981
1 0.945687 0.456835 0.022364 0.031175
0 0.873003 0.410072 0.017572 0.023981
0 0.926518 0.416067 0.015974 0.011990
0 0.928115 0.532374 0.028754 0.038369
0 0.910543 0.595923 0.019169 0.026379
1 0.923323 0.569544 0.015974 0.021583
0 0.990415 0.420863 0.019169 0.045564
0 0.982428 0.677458 0.035144 0.045564
0 0.966454 0.714628 0.035144 0.047962
0 0.989617 0.714628 0.020767 0.038369
0 0.949681 0.735012 0.036741 0.050360
1 0.912939 0.645084 0.014377 0.023981
0 0.964856 0.535971 0.012780 0.026379
0 0.976038 0.857314 0.025559 0.031175
1 0.178115 0.045564 0.119808 0.086331
1 0.985623 0.233813 0.028754 0.050360
1 0.773962 0.111511 0.020767 0.016787
0 0.795527 0.110312 0.015974 0.019185
0 0.781949 0.044365 0.017572 0.021583
1 0.697284 0.405276 0.014377 0.019185
