2 0.598333 0.322000 0.274000 0.392000
2 0.400000 0.093500 0.266667 0.185000
0 0.210667 0.741500 0.286667 0.425000
0 0.485000 0.702500 0.279333 0.397000
0 0.775333 0.629500 0.278667 0.399000
0 0.725667 0.934000 0.286000 0.132000
0 0.300667 0.359500 0.274667 0.395000
0 0.080000 0.449000 0.158667 0.408000
0 0.943667 0.804000 0.102000 0.376000
0 0.104000 0.960000 0.204000 0.080000
0 0.399000 0.930000 0.310000 0.140000
0 0.882667 0.196500 0.234667 0.391000
0 0.697000 0.081500 0.274000 0.161000
0 0.131000 0.140500 0.258000 0.279000
