0 0.125000 0.154286 0.152857 0.302857
0 0.216429 0.080000 0.147143 0.154286
0 0.374286 0.134286 0.131429 0.234286
0 0.474286 0.060000 0.125714 0.108571
0 0.595000 0.112857 0.132857 0.214286
0 0.738571 0.220000 0.160000 0.331429
0 0.711429 0.051429 0.168571 0.097143
0 0.861429 0.122857 0.137143 0.240000
0 0.931429 0.305714 0.105714 0.205714
0 0.881429 0.367143 0.154286 0.300000
0 0.078571 0.437143 0.140000 0.331429
0 0.081429 0.742857 0.120000 0.320000
0 0.162143 0.921429 0.167143 0.157143
0 0.318571 0.972857 0.125714 0.054286
0 0.545000 0.808571 0.170000 0.314286
0 0.704286 0.915714 0.177143 0.168571
0 0.296429 0.551429 0.415714 0.811429
1 0.497143 0.194286 0.154286 0.314286
1 0.565000 0.447143 0.170000 0.345714
1 0.643571 0.387143 0.155714 0.340000
0 0.822143 0.812857 0.158571 0.311429
0 0.674286 0.688571 0.174286 0.314286
1 0.937857 0.622857 0.124286 0.308571
0 0.747857 0.510000 0.118571 0.242857
