0 0.063333 0.733333 0.124444 0.314074
0 0.400000 0.631111 0.208889 0.263704
0 0.397222 0.371852 0.212222 0.257778
0 0.360000 0.185185 0.180000 0.210370
0 0.105000 0.547407 0.194444 0.259259
0 0.460556 0.301481 0.134444 0.188148
0 0.593333 0.309630 0.137778 0.180741
1 0.710556 0.351852 0.145556 0.182222
1 0.887222 0.137037 0.154444 0.197037
1 0.820000 0.331111 0.097778 0.128889
1 0.713333 0.185926 0.122222 0.137778
1 0.881667 0.511852 0.134444 0.167407
1 0.748333 0.520741 0.156667 0.200000
1 0.654444 0.674815 0.211111 0.259259
1 0.542222 0.826667 0.173333 0.231111
1 0.700000 0.884444 0.175556 0.228148
1 0.219444 0.754815 0.218889 0.271111
1 0.811667 0.703704 0.107778 0.154074
1 0.831667 0.245926 0.130000 0.154074
1 0.427222 0.933333 0.105556 0.133333
1 0.397222 0.779259 0.130000 0.112593
1 0.286111 0.828889 0.172222 0.214815
1 0.250556 0.960000 0.167778 0.080000
1 0.083333 0.961481 0.164444 0.077037
1 0.597778 0.467407 0.151111 0.185185
0 0.072778 0.369630 0.141111 0.167407
0 0.216667 0.316296 0.144444 0.220741
0 0.305000 0.562963 0.076667 0.127407
