0 0.307308 0.475173 0.159231 0.241339
1 0.617692 0.296189 0.247692 0.377598
1 0.799231 0.189376 0.333846 0.362587
1 0.966154 0.085450 0.067692 0.168591
1 0.940385 0.390878 0.117692 0.299076
1 0.809615 0.568129 0.225385 0.397229
1 0.942308 0.658776 0.107692 0.296767
1 0.509615 0.081986 0.231538 0.161663
1 0.408846 0.359122 0.245385 0.496536
1 0.269615 0.098730 0.199231 0.188222
1 0.158846 0.374711 0.260769 0.384527
1 0.104231 0.794457 0.206923 0.337182
1 0.343077 0.719977 0.238462 0.324480
1 0.510000 0.844111 0.164615 0.237875
1 0.720769 0.848152 0.260000 0.303695
1 0.892308 0.868360 0.164615 0.263279
1 0.378846 0.944573 0.225385 0.110855
1 0.256154 0.900693 0.123077 0.177829
1 0.092308 0.059469 0.156923 0.109700
1 0.033846 0.219400 0.063077 0.300231
1 0.575769 0.596420 0.188462 0.317552
