0 0.354444 0.184444 0.182222 0.214815
0 0.396667 0.374074 0.206667 0.256296
0 0.398889 0.631111 0.204444 0.269630
0 0.065000 0.740741 0.127778 0.361481
0 0.484444 0.320000 0.080000 0.213333
0 0.101667 0.543704 0.187778 0.251852
0 0.080556 0.368148 0.156667 0.164444
0 0.220556 0.316296 0.161111 0.223704
1 0.217778 0.755556 0.208889 0.269630
1 0.290000 0.824444 0.164444 0.211852
1 0.083333 0.954815 0.164444 0.090370
1 0.253889 0.959259 0.167778 0.081481
1 0.408889 0.784444 0.100000 0.096296
1 0.428889 0.931111 0.106667 0.137778
1 0.543889 0.828148 0.174444 0.228148
1 0.657222 0.677778 0.210000 0.250370
1 0.701111 0.881481 0.175556 0.234074
1 0.813333 0.702963 0.102222 0.131852
1 0.751667 0.526667 0.163333 0.202963
1 0.882778 0.513333 0.132222 0.164444
1 0.818333 0.335556 0.098889 0.128889
1 0.603333 0.460741 0.148889 0.174815
0 0.596111 0.301481 0.143333 0.161481
0 0.440000 0.164444 0.144444 0.142222
1 0.884444 0.135556 0.168889 0.185185
1 0.707778 0.354074 0.144444 0.180741
0 0.723333 0.191111 0.140000 0.148148
1 0.829444 0.248148 0.145556 0.155556
1 0.341111 0.573333 0.180000 0.183704
