0 0.054500 0.321589 0.029000 0.046477
0 0.084500 0.132684 0.023000 0.034483
0 0.070000 0.074963 0.016000 0.032984
0 0.106000 0.020240 0.020000 0.028486
0 0.035000 0.327586 0.020000 0.043478
0 0.077000 0.334333 0.024000 0.038981
0 0.069500 0.378561 0.029000 0.043478
0 0.050500 0.361319 0.025000 0.017991
0 0.103500 0.386057 0.023000 0.028486
0 0.031000 0.170165 0.018000 0.016492
0 0.094500 0.282609 0.013000 0.025487
0 0.128500 0.284108 0.023000 0.040480
0 0.144500 0.376312 0.021000 0.035982
0 0.171500 0.382309 0.021000 0.032984
0 0.167000 0.417541 0.014000 0.019490
0 0.216000 0.371064 0.024000 0.037481
0 0.220500 0.401799 0.021000 0.029985
0 0.207500 0.404048 0.023000 0.034483
0 0.104000 0.569715 0.032000 0.041979
0 0.071000 0.559220 0.032000 0.032984
0 0.059000 0.525487 0.028000 0.034483
0 0.102000 0.542729 0.030000 0.026987
0 0.102500 0.508246 0.019000 0.041979
0 0.059500 0.458771 0.031000 0.038981
1 0.066500 0.580960 0.021000 0.034483
1 0.073500 0.618441 0.023000 0.034483
1 0.090500 0.614693 0.027000 0.041979
1 0.104500 0.614693 0.021000 0.029985
1 0.124000 0.626687 0.020000 0.038981
1 0.119000 0.667916 0.024000 0.031484
1 0.085000 0.688156 0.026000 0.035982
1 0.118000 0.717391 0.022000 0.037481
1 0.095500 0.745127 0.033000 0.041979
1 0.093500 0.784858 0.029000 0.037481
1 0.120500 0.763118 0.023000 0.038981
1 0.012000 0.047226 0.022000 0.049475
1 0.282500 0.147676 0.017000 0.028486
1 0.272500 0.186657 0.017000 0.025487
1 0.283000 0.042729 0.020000 0.031484
1 0.279000 0.119190 0.020000 0.031484
1 0.281000 0.011994 0.014000 0.020990
1 0.214500 0.011244 0.017000 0.019490
1 0.281500 0.233883 0.019000 0.023988
1 0.273500 0.077211 0.015000 0.016492
0 0.296500 0.432534 0.015000 0.022489
1 0.146500 0.315592 0.023000 0.025487
1 0.334000 0.027736 0.014000 0.019490
1 0.318500 0.042729 0.009000 0.013493
1 0.326000 0.036732 0.012000 0.022489
1 0.343500 0.056972 0.015000 0.020990
1 0.348500 0.071214 0.011000 0.016492
1 0.357500 0.104198 0.011000 0.019490
1 0.364500 0.091454 0.011000 0.017991
1 0.372000 0.098951 0.010000 0.017991
1 0.386500 0.098201 0.011000 0.019490
1 0.381500 0.112444 0.011000 0.014993
1 0.372500 0.112444 0.013000 0.017991
1 0.341000 0.091454 0.012000 0.017991
1 0.326000 0.074963 0.014000 0.020990
1 0.339500 0.020240 0.013000 0.019490
1 0.343000 0.018741 0.014000 0.019490
1 0.355000 0.038231 0.012000 0.016492
1 0.344500 0.158921 0.011000 0.014993
1 0.393500 0.176162 0.011000 0.013493
1 0.387500 0.216642 0.011000 0.013493
1 0.391000 0.230885 0.012000 0.014993
1 0.332500 0.226387 0.009000 0.011994
1 0.310500 0.232384 0.013000 0.014993
0 0.309000 0.211394 0.010000 0.017991
0 0.308500 0.191904 0.009000 0.014993
0 0.319000 0.179160 0.010000 0.013493
1 0.284500 0.252624 0.017000 0.019490
1 0.354500 0.245877 0.011000 0.014993
1 0.353500 0.271364 0.011000 0.014993
1 0.351000 0.271364 0.012000 0.014993
1 0.361000 0.313343 0.008000 0.011994
0 0.359000 0.326837 0.010000 0.011994
0 0.368000 0.317091 0.008000 0.010495
0 0.352000 0.311094 0.010000 0.010495
0 0.285000 0.090705 0.010000 0.016492
0 0.264500 0.368066 0.005000 0.013493
0 0.281000 0.356822 0.010000 0.017991
0 0.302000 0.354573 0.012000 0.016492
0 0.288000 0.405547 0.012000 0.022489
1 0.301000 0.398801 0.014000 0.017991
0 0.299000 0.381559 0.016000 0.013493
0 0.355000 0.435532 0.006000 0.010495
0 0.391500 0.419040 0.009000 0.013493
0 0.375500 0.374813 0.013000 0.011994
1 0.387000 0.380810 0.010000 0.011994
0 0.277500 0.561469 0.015000 0.019490
0 0.286000 0.582459 0.008000 0.022489
0 0.368000 0.488006 0.012000 0.016492
0 0.328000 0.517241 0.016000 0.023988
0 0.319500 0.547226 0.005000 0.011994
0 0.380000 0.494003 0.008000 0.013493
0 0.437500 0.411544 0.005000 0.007496
0 0.435000 0.408546 0.006000 0.007496
0 0.434000 0.377811 0.004000 0.008996
0 0.448500 0.372564 0.005000 0.007496
0 0.466500 0.374813 0.003000 0.005997
0 0.470000 0.377061 0.004000 0.004498
1 0.327000 0.589955 0.014000 0.016492
1 0.326500 0.607196 0.017000 0.017991
0 0.850500 0.627436 0.015000 0.025487
0 0.844500 0.614693 0.013000 0.020990
0 0.855500 0.607946 0.023000 0.034483
0 0.852000 0.644678 0.018000 0.023988
1 0.972500 0.074213 0.019000 0.028486
0 0.797500 0.440030 0.009000 0.016492
0 0.807500 0.427286 0.011000 0.020990
0 0.771500 0.330585 0.021000 0.022489
0 0.796500 0.422789 0.009000 0.011994
0 0.807500 0.641679 0.013000 0.020990
0 0.688000 0.423538 0.008000 0.013493
1 0.702500 0.208396 0.019000 0.017991
1 0.702000 0.239880 0.012000 0.014993
1 0.711000 0.229385 0.008000 0.020990
1 0.724000 0.279610 0.006000 0.010495
1 0.716500 0.269115 0.009000 0.016492
1 0.728500 0.266867 0.007000 0.014993
1 0.688500 0.224888 0.011000 0.011994
1 0.753500 0.009745 0.015000 0.016492
1 0.750000 0.032234 0.014000 0.010495
1 0.731000 0.068216 0.016000 0.013493
1 0.723000 0.060720 0.016000 0.013493
1 0.747000 0.074963 0.018000 0.014993
1 0.750500 0.059970 0.019000 0.014993
1 0.765500 0.065967 0.011000 0.014993
1 0.664000 0.105697 0.010000 0.013493
1 0.671500 0.122939 0.011000 0.014993
