1 0.640333 0.852356 0.115333 0.182199
1 0.259333 0.126702 0.070667 0.079581
1 0.168000 0.422513 0.049333 0.061780
0 0.129667 0.043979 0.043333 0.062827
0 0.145000 0.343979 0.084667 0.120419
0 0.064333 0.284293 0.080667 0.118325
0 0.076333 0.389529 0.052667 0.098429
0 0.085667 0.478010 0.048667 0.068063
0 0.148333 0.448691 0.060667 0.082723
0 0.325000 0.199476 0.052667 0.070157
0 0.327000 0.110471 0.046000 0.057592
0 0.354000 0.151309 0.041333 0.049215
0 0.337667 0.034555 0.058000 0.067016
0 0.476667 0.456021 0.216000 0.317277
0 0.338333 0.725654 0.076667 0.119372
0 0.361333 0.962304 0.098667 0.075393
0 0.390000 0.878534 0.068000 0.098429
0 0.483000 0.792147 0.220667 0.325654
0 0.670333 0.640314 0.210000 0.336126
0 0.643000 0.285864 0.174000 0.255497
