0 0.210162 0.061893 0.170901 0.115696
0 0.107968 0.047330 0.081986 0.093042
0 0.413395 0.170712 0.168591 0.106796
0 0.559469 0.189320 0.128176 0.072816
0 0.641455 0.343042 0.162818 0.079288
0 0.783487 0.397249 0.151270 0.103560
0 0.615473 0.409385 0.177829 0.108414
0 0.483256 0.464401 0.091224 0.053398
0 0.606813 0.552589 0.165127 0.111650
0 0.444573 0.576456 0.173210 0.112460
0 0.363741 0.661003 0.099307 0.079288
0 0.465358 0.676780 0.170901 0.120550
0 0.514434 0.774676 0.176674 0.115696
0 0.627598 0.724919 0.165127 0.110032
0 0.684180 0.807039 0.072748 0.050971
0 0.299654 0.790453 0.160508 0.110032
0 0.355658 0.827670 0.094688 0.066343
0 0.439954 0.882686 0.173210 0.121359
0 0.603926 0.904126 0.159353 0.115696
0 0.311201 0.898058 0.125866 0.105178
0 0.579099 0.250809 0.146651 0.105178
1 0.120092 0.158172 0.131640 0.091424
1 0.244226 0.209547 0.107390 0.077670
1 0.219400 0.270227 0.073903 0.043689
1 0.659353 0.298948 0.092379 0.068770
1 0.693995 0.244741 0.078522 0.065534
0 0.718245 0.487460 0.161663 0.099515
