1 0.196250 0.212000 0.172500 0.126000
1 0.362500 0.152500 0.165000 0.129000
1 0.483750 0.216500 0.137500 0.109000
1 0.074375 0.312500 0.146250 0.129000
1 0.074375 0.442000 0.138750 0.114000
1 0.034375 0.520000 0.066250 0.090000
1 0.237500 0.377500 0.262500 0.227000
1 0.595000 0.262000 0.130000 0.100000
1 0.774375 0.361000 0.363750 0.248000
1 0.458750 0.361000 0.270000 0.188000
1 0.408750 0.465500 0.145000 0.113000
1 0.581250 0.468000 0.160000 0.138000
1 0.768750 0.579500 0.232500 0.217000
1 0.789375 0.726000 0.131250 0.102000
1 0.668750 0.699500 0.140000 0.109000
1 0.698750 0.820500 0.150000 0.127000
1 0.490625 0.637000 0.328750 0.196000
1 0.319375 0.524000 0.151250 0.094000
1 0.170000 0.539500 0.162500 0.105000
1 0.123125 0.640500 0.151250 0.113000
1 0.236250 0.624500 0.150000 0.121000
1 0.296250 0.698000 0.145000 0.102000
1 0.328750 0.861000 0.127500 0.100000
1 0.363125 0.765000 0.153750 0.112000
1 0.150000 0.791000 0.297500 0.212000
1 0.519375 0.826500 0.226250 0.205000
1 0.048750 0.647000 0.082500 0.104000
